900000000,0.00
900604800,0.00
901209600,0.86
901814400,0.00
902419200,0.00
903024000,0.00
903628800,0.00
904233600,0.00
904838400,0.00
905443200,0.55
906048000,0.66
906652800,0.00
907257600,0.00
907862400,0.00
908467200,0.00
909072000,0.00
909676800,0.00
910281600,0.00
910886400,0.00
911491200,0.00
912096000,0.00
912700800,0.00
913305600,0.70
913910400,0.00
914515200,0.00
915120000,0.97
915724800,0.00
916329600,0.92
916934400,0.00
917539200,0.00
918144000,0.00
918748800,0.69
919353600,0.65
919958400,0.81
920563200,0.74
921168000,0.70
921772800,0.53
922377600,0.67
922982400,0.00
923587200,0.00
924192000,0.00
924796800,0.00
925401600,0.00
926006400,0.00
926611200,0.00
927216000,0.00
927820800,0.00
928425600,0.00
929030400,0.51
929635200,0.00
930240000,0.78
930844800,0.52
931449600,0.00
932054400,0.78
932659200,0.00
933264000,0.88
933868800,0.87
934473600,0.00
935078400,0.00
935683200,0.00
936288000,0.00
936892800,0.00
937497600,0.00
938102400,0.00
938707200,0.00
939312000,0.00
939916800,0.59
940521600,0.57
941126400,0.00
941731200,0.00
942336000,0.00
942940800,0.00
943545600,0.00
944150400,0.00
944755200,0.00
945360000,0.00
945964800,0.00
946569600,0.00
947174400,0.00
947779200,0.00
948384000,0.00
948988800,0.00
949593600,0.52
950198400,0.00
950803200,0.00
951408000,0.00
952012800,0.00
952617600,0.77
953222400,0.00
953827200,0.63
954432000,0.77
955036800,0.95
955641600,0.00
956246400,0.74
956851200,0.00
957456000,0.00
958060800,0.55
958665600,0.00
959270400,0.00
959875200,0.00
